# [Timestamps after sourcesetup] in [s]
# Inittime: 0.333[s]
# Iterativetime: 0.333[s]
0.0118144
2.107418
4.1708142
6.2501017
8.2963778
10.3601035
12.4230774
14.4867739
16.5491354
18.6129803
20.6758402
22.7387135
24.8020458
26.8807235
28.928706
30.9910768
33.070288
35.1178437
37.1975289
39.2445838
41.3066501
43.370158
45.432969
47.5125441
49.5594819
51.6230013
53.7017725
55.7492627
57.8124558
59.8754165
61.9382569
64.0018903
66.0645684
68.1277101
70.1913655
72.2564698
74.3173012
76.3837576
78.4438878
80.5066588
82.586018
84.6333735
86.696286
88.7595248
90.8380297
92.9009357
94.9490707
97.0117258
99.0900989
101.1378051
103.2161818
105.2802519
107.3430015
109.4220489
111.4690729
113.5330423
115.5957385
117.6590075
119.7222042
121.7850138
123.8316976
125.9115498
127.9744617
130.0371634
132.0846951
134.1632861
136.2267413
138.2900526
140.3370498
142.4161225
144.4630856
146.5260993
148.6050395
150.6677409
152.7148869
154.7784654
156.8575713
158.9049027
160.9676683
163.0310465
165.0935276
167.1602865
169.2202231
171.2830346
173.3463582
175.4088211
177.4724825
179.5354498
181.5984695
183.6619182
185.7243497
187.771856
189.8509447
191.8984746
193.9614005
196.0243327
198.0867177
200.1662061
202.2124876
204.2955596
206.3393391
208.401781
210.4818215
212.5283229
214.5917093
216.6546877
218.7186234
220.7814115
222.8440847
224.9072731
226.9868264
229.0336805
231.0971196
233.159831
235.2072928
237.2859971
239.3491373
241.4119329
243.4753677
245.5380061
247.5851841
249.6643011
251.7272145
253.7911773
255.8379216
257.9011849
259.9641679
262.0425161
264.0905546
266.1534724
268.2165866
270.2955846
272.3430425
274.4063616
276.4690497
278.5323839
280.5952749
282.6584743
284.7214791
286.7844796
288.8472019
290.9105243
292.9732554
295.0361332
297.099543
299.1630767
301.2264109
303.2892128
305.3520454
307.415152
309.4780888
311.5582139
313.6048302
315.6683344
317.7314058
319.7942782
321.873335
323.9200131
325.9837186
328.046624
330.1098792
332.1724223
334.2363179
336.2992679
338.3620048
340.4255942
342.4884584
344.5518998
346.6145761
348.6612402
350.7413019
352.7878076
354.8671862
356.9139455
358.9932452
361.0561608
363.1028528
365.1661881
367.2298566
369.2926414
371.3713805
373.4341936
375.4818596
377.5449684
379.6081843
381.6711088
383.7341332
385.7972572
387.860559
389.9232646
391.9860742
394.0493284
396.1122474
398.17581
400.2391038
402.2862916
404.3652518
406.4283465
408.4909623
410.554059
412.6169936
414.6486562
415.0008513
